$ 1 0.000005 0.2954511527092107 50 5 50 5e-11
f 400 176 400 112 32 1.5 0.02
f 400 272 400 208 41 1.5 0.02
w 416 208 464 208 0
w 464 208 464 112 0
w 464 112 416 112 0
w 400 272 320 272 0
w 320 272 320 176 0
w 320 176 400 176 0
t 272 304 320 304 0 1 -4.780335197058563 0.21966430514724866 100 default
w 320 288 320 272 0
g 320 320 320 352 0 0
r 272 304 192 304 0 1000
s 192 304 192 208 0 1 false
R 192 208 208 144 0 0 40 5 0 0 0.5
r 320 176 320 96 0 1000
R 320 96 320 32 0 0 40 5 0 0 0.5
R 384 112 384 16 0 0 40 1.5 0 0 0.5
R 384 208 336 208 0 0 40 5 0 0 0.5
r 464 208 464 272 0 82
g 464 272 464 320 0 0
